1.448942571878433228e-01
1.744225859642028809e+00
2.399587154388427734e+00
1.269635796546936035e+00
1.870524406433105469e+00
1.776537537574768066e+00
1.997344613075256348e+00
-6.537259221076965332e-01
7.543095946311950684e-01
2.277954816818237305e+00
1.759195446968078613e+00
1.393665909767150879e+00
-6.290938258171081543e-01
1.380239725112915039e+00
1.639356613159179688e+00
1.678500294685363770e+00
1.825852394104003906e-01
1.711870312690734863e+00
1.352939605712890625e+00
2.611245870590209961e+00
2.307668447494506836e+00
5.270733833312988281e-01
1.015123486518859863e+00
1.437553048133850098e+00
-5.280377864837646484e-01
1.749629497528076172e+00
1.112534642219543457e+00
1.814039587974548340e+00
8.287111520767211914e-01
6.051687598228454590e-01
1.979750752449035645e+00
1.830231904983520508e+00
1.370570302009582520e+00
-6.779063344001770020e-01
1.728367447853088379e+00
1.498729705810546875e+00
1.304355740547180176e+00
1.798296451568603516e+00
8.578984737396240234e-01
1.296173214912414551e+00
1.369385600090026855e+00
1.020795464515686035e+00
1.700523734092712402e+00
1.101049184799194336e+00
1.256692767143249512e+00
1.773925304412841797e+00
1.665785551071166992e+00
4.009559452533721924e-01
3.212701678276062012e-01
2.069726467132568359e+00
1.451933741569519043e+00
-7.085631489753723145e-01
1.623446583747863770e+00
1.749386906623840332e+00
1.442949056625366211e+00
2.116891860961914062e+00
1.660739302635192871e+00
9.819724559783935547e-01
1.956533551216125488e+00
1.489599108695983887e+00
1.654950618743896484e+00
-6.979971528053283691e-01
-5.669326186180114746e-01
1.417302370071411133e+00
7.405787110328674316e-01
1.265218138694763184e+00
1.954968452453613281e+00
1.922837853431701660e+00
2.212425947189331055e+00
6.753236651420593262e-01
-2.795830965042114258e-01
1.970480084419250488e+00
1.298245429992675781e+00
1.527385354042053223e+00
-6.728835701942443848e-01
1.703041553497314453e+00
6.734203696250915527e-01
1.800217986106872559e+00
7.256934642791748047e-01
-3.998029530048370361e-01
2.232239007949829102e+00
-6.022101640701293945e-01
1.576904296875000000e+00
1.918022036552429199e+00
7.395091652870178223e-01
-3.330723345279693604e-01
1.863784670829772949e+00
1.053856492042541504e+00
1.580944299697875977e+00
1.521727204322814941e+00
8.424369692802429199e-01
2.028789997100830078e+00
-3.204428032040596008e-02
2.383613109588623047e+00
1.365263104438781738e+00
1.183128952980041504e+00
1.464071035385131836e+00
1.601891040802001953e+00
-6.435288190841674805e-01
1.356273055076599121e+00
2.108020544052124023e+00
1.458057522773742676e+00
8.028104901313781738e-03
1.773347973823547363e+00
1.986624836921691895e+00
1.378579497337341309e+00
1.440718412399291992e+00
1.319476515054702759e-01
-4.270871281623840332e-01
3.253231644630432129e-01
-6.985335946083068848e-01
1.059238553047180176e+00
-5.153102874755859375e-01
1.289062023162841797e+00
1.703286886215209961e+00
-6.121751666069030762e-01
1.420371770858764648e+00
1.463757872581481934e+00
-3.140319287776947021e-01
9.829826951026916504e-01
-3.026875853538513184e-01
-4.516969323158264160e-01
1.941852211952209473e+00
1.924707412719726562e+00
1.646102190017700195e+00
1.300173878669738770e+00
8.857919573783874512e-01
1.215163588523864746e+00
1.778378009796142578e+00
2.062731266021728516e+00
1.584027886390686035e+00
1.532723784446716309e+00
1.327051997184753418e+00
2.044166564941406250e+00
-4.571816623210906982e-01
2.176540851593017578e+00
1.307264208793640137e+00
1.051334381103515625e+00
1.766302108764648438e+00
1.280965447425842285e+00
1.483121871948242188e+00
1.562150835990905762e+00
2.031924724578857422e+00
9.084398150444030762e-01
-6.537508368492126465e-01
1.649522066116333008e+00
1.818670272827148438e+00
1.465907454490661621e+00
1.841828703880310059e+00
9.495649337768554688e-01
1.418467879295349121e+00
1.735753178596496582e+00
1.675880193710327148e+00
-6.237758994102478027e-01
1.023062705993652344e+00
1.480403780937194824e+00
-2.444272935390472412e-01
1.213999032974243164e+00
1.110545277595520020e+00
1.499959111213684082e+00
2.204160451889038086e+00
1.767823338508605957e+00
-7.150828838348388672e-01
1.418443083763122559e+00
1.760330557823181152e+00
9.704596400260925293e-01
1.563672065734863281e+00
-1.279878914356231689e-01
1.938798546791076660e+00
1.486469864845275879e+00
2.259099245071411133e+00
1.509221792221069336e+00
1.591020703315734863e+00
1.618462085723876953e+00
1.693334102630615234e+00
1.764221429824829102e+00
1.061125636100769043e+00
6.305181980133056641e-01
1.076610565185546875e+00
1.902193188667297363e+00
2.090928792953491211e+00
1.820816993713378906e+00
1.459327459335327148e+00
-4.148135483264923096e-01
1.506924152374267578e+00
-2.215809226036071777e-01
1.472511768341064453e+00
1.516704082489013672e+00
1.465883016586303711e+00
2.697545588016510010e-01
1.419436573982238770e+00
8.844724297523498535e-01
1.284171223640441895e+00
8.719033002853393555e-01
-2.702765762805938721e-01
-6.064740419387817383e-01
-5.853312015533447266e-01
-6.362228989601135254e-01
1.918046832084655762e+00
1.858007669448852539e+00
7.806029319763183594e-01
1.177212834358215332e+00
7.306889295578002930e-01
1.925164312124252319e-01
1.835601329803466797e+00
-7.196920365095138550e-02
7.790019512176513672e-01
1.833297371864318848e+00
1.042192459106445312e+00
1.342003226280212402e+00
1.378453850746154785e+00
1.536996245384216309e+00
1.965257167816162109e+00
1.886621117591857910e+00
-7.405766248703002930e-01
-5.308303833007812500e-01
1.791897773742675781e+00
1.582666754722595215e+00
1.594532251358032227e+00
1.375853419303894043e+00
2.176744937896728516e+00
1.471314430236816406e+00
2.233617305755615234e+00
1.784292459487915039e+00
1.425916671752929688e+00
1.447616457939147949e+00
1.537815690040588379e+00
1.935968995094299316e+00
1.521286249160766602e+00
1.111580729484558105e+00
-4.886280298233032227e-01
1.172460436820983887e+00
1.419974327087402344e+00
8.004322648048400879e-01
-7.420447468757629395e-01
2.227318286895751953e+00
1.361960887908935547e+00
-2.287389338016510010e-01
2.223388433456420898e+00
1.107513666152954102e+00
-7.133316397666931152e-01
1.833914875984191895e+00
9.239851236343383789e-01
1.656430959701538086e+00
-7.099968194961547852e-01
1.370089799165725708e-01
1.620264887809753418e+00
1.011073946952819824e+00
1.833115816116333008e+00
1.070140719413757324e+00
1.850349664688110352e+00
1.856073617935180664e+00
1.444812655448913574e+00
-3.837564727291464806e-03
1.796155810356140137e+00
1.883421540260314941e+00
1.476740002632141113e+00
1.862233877182006836e+00
1.829323887825012207e+00
2.072076648473739624e-01
1.788728952407836914e+00
1.978846311569213867e+00
1.228724122047424316e+00
1.521256566047668457e+00
1.371756792068481445e+00
-6.438573002815246582e-01
1.044540286064147949e+00
1.762347221374511719e+00
1.126512765884399414e+00
-5.509404540061950684e-01
-2.058742046356201172e-01
-2.759968042373657227e-01
1.917599558830261230e+00
1.839395880699157715e+00
1.937520503997802734e+00
1.333614587783813477e+00
9.183228611946105957e-01
2.044253826141357422e+00
2.319658279418945312e+00
1.793638989329338074e-02
1.672182083129882812e+00
1.686023116111755371e+00
-2.661527395248413086e-01
1.690736293792724609e+00
9.685234427452087402e-01
9.840196967124938965e-01
1.834299445152282715e+00
2.021285533905029297e+00
1.240985631942749023e+00
1.361262917518615723e+00
1.790923953056335449e+00
-2.178844809532165527e-01
-6.924458742141723633e-01
1.853864073753356934e+00
1.242740035057067871e+00
1.347251772880554199e+00
1.463053345680236816e+00
8.987585306167602539e-01
1.560694217681884766e+00
1.990745544433593750e+00
9.857918620109558105e-01
1.111582517623901367e+00
1.947706103324890137e+00
1.631413221359252930e+00
9.325813055038452148e-01
2.261605262756347656e+00
1.870085716247558594e+00
1.694795727729797363e+00
-7.318540215492248535e-01
9.752802848815917969e-01
5.843573212623596191e-01
-1.435828059911727905e-01
1.444217085838317871e+00
1.818404078483581543e+00
3.923555910587310791e-01
1.825854420661926270e+00
1.651485204696655273e+00
1.752769470214843750e+00
1.437645554542541504e+00
1.339373230934143066e+00
1.861945152282714844e+00
1.808480739593505859e+00
-1.890513747930526733e-01
-1.814907789230346680e-01
1.722181081771850586e+00
6.165433526039123535e-01
2.034742832183837891e+00
-3.483464121818542480e-01
1.529009461402893066e+00
1.727155923843383789e+00
1.993448257446289062e+00
1.504559993743896484e+00
2.144097089767456055e-01
1.882399559020996094e+00
-7.400020360946655273e-01
1.599872350692749023e+00
1.589741945266723633e+00
-2.700736224651336670e-01
5.539976954460144043e-01
-5.110737681388854980e-01
4.573913216590881348e-01
1.583308219909667969e+00
1.644103765487670898e+00
1.883146643638610840e+00
1.748709797859191895e+00
1.257911682128906250e+00
8.918243646621704102e-01
7.544261217117309570e-01
-2.987995743751525879e-01
-7.490484714508056641e-01
2.911732792854309082e-01
6.085227131843566895e-01
9.910186529159545898e-01
4.208208918571472168e-01
1.705487370491027832e+00
1.194388389587402344e+00
8.180701136589050293e-01
1.405974149703979492e+00
2.072467803955078125e+00
-5.542300343513488770e-01
3.254497051239013672e-01
1.555914759635925293e+00
1.844224333763122559e+00
-1.646619737148284912e-01
-9.055472165346145630e-02
7.234707474708557129e-01
1.777291893959045410e+00
2.050600051879882812e+00
7.671604156494140625e-01
1.196570992469787598e+00
8.369896411895751953e-01
1.424651384353637695e+00
1.457076370716094971e-01
-3.900654911994934082e-01
1.461302042007446289e+00
1.476962208747863770e+00
1.483507156372070312e+00
1.262015700340270996e+00
1.919352173805236816e+00
4.917580783367156982e-01
1.892096877098083496e+00
1.707580924034118652e+00
1.811329603195190430e+00
4.649765416979789734e-02
1.663380026817321777e+00
1.511701345443725586e+00
1.989141583442687988e+00
4.947116225957870483e-02
1.865648746490478516e+00
1.764090776443481445e+00
5.684375762939453125e-01
4.955695569515228271e-01
1.541521072387695312e+00
1.668069005012512207e+00
1.414788365364074707e+00
8.246994018554687500e-01
3.005841374397277832e-01
-2.241452923044562340e-03
2.767726182937622070e-01
1.924306869506835938e+00
1.649245619773864746e+00
1.993725180625915527e+00
1.064125061035156250e+00
1.606284856796264648e+00
1.711609244346618652e+00
2.338032126426696777e-01
-5.766445398330688477e-01
4.762786626815795898e-01
1.932663083076477051e+00
2.021370172500610352e+00
9.075819849967956543e-01
-5.370306968688964844e-01
1.208022356033325195e+00
1.644787311553955078e+00
-1.585414409637451172e-01
-1.765698492527008057e-01
1.590651631355285645e+00
1.500264286994934082e+00
-7.430751323699951172e-01
-4.653162360191345215e-01
1.077876567840576172e+00
1.863846898078918457e+00
1.591095089912414551e+00
2.013857364654541016e+00
1.991795897483825684e+00
-6.345771998167037964e-02
-6.622656583786010742e-01
9.400240331888198853e-02
4.862979426980018616e-02
-1.066267341375350952e-01
5.412831902503967285e-02
1.498722434043884277e+00
1.589293360710144043e+00
-7.535582184791564941e-01
1.555015921592712402e+00
1.603174567222595215e+00
1.931888818740844727e+00
1.725606441497802734e+00
1.817337870597839355e+00
6.394049525260925293e-01
-6.639712452888488770e-01
2.436805963516235352e+00
1.647054910659790039e+00
1.536761522293090820e+00
-7.233073115348815918e-01
2.016164064407348633e+00
-5.990006923675537109e-01
1.713016629219055176e+00
1.736508250236511230e+00
5.173502564430236816e-01
1.424174070358276367e+00
1.768120050430297852e+00
1.226358175277709961e+00
5.977586507797241211e-01
1.681819677352905273e+00
2.114043712615966797e+00
1.845831990242004395e+00
1.703529119491577148e+00
1.239771366119384766e+00
1.243039608001708984e+00
9.891162514686584473e-01
-4.447240531444549561e-01
-5.448819398880004883e-01
-3.646761476993560791e-01
-6.222622990608215332e-01
1.184059143066406250e+00
2.552498281002044678e-01
-6.327972412109375000e-01
7.519426941871643066e-01
1.599887490272521973e+00
6.416547894477844238e-01
1.423322081565856934e+00
3.996738195419311523e-01
1.765601754188537598e+00
-7.656735181808471680e-01
1.759159326553344727e+00
1.606400132179260254e+00
2.166597366333007812e+00
-4.027420282363891602e-01
2.964141070842742920e-01
1.873910665512084961e+00
1.340995311737060547e+00
2.316581249237060547e+00
1.663941144943237305e+00
2.927232980728149414e-01
1.626055836677551270e+00
8.778087496757507324e-01
1.893866896629333496e+00
-6.905816197395324707e-01
9.365755319595336914e-01
1.460209250450134277e+00
2.098471164703369141e+00
3.822947740554809570e-01
-7.257217168807983398e-01
-3.954475820064544678e-01
1.617810606956481934e+00
2.963446080684661865e-01
9.343543648719787598e-01
-7.144841551780700684e-01
1.295902490615844727e+00
-3.872894942760467529e-01
-7.244707345962524414e-01
-2.838926613330841064e-01
5.203247666358947754e-01
1.449693202972412109e+00
1.754457235336303711e+00
-6.730462312698364258e-01
-4.105170965194702148e-01
2.159516572952270508e+00
1.332785964012145996e+00
7.944971919059753418e-01
1.067318558692932129e+00
1.992224097251892090e+00
1.235315322875976562e+00
1.130138278007507324e+00
1.507961034774780273e+00
1.776061296463012695e+00
2.382160276174545288e-01
2.067505836486816406e+00
2.052941083908081055e+00
-5.392873883247375488e-01
1.959392309188842773e+00
1.412711381912231445e+00
-5.400734543800354004e-01
1.736091732978820801e+00
2.696752548217773438e+00
2.321824312210083008e+00
1.348466515541076660e+00
2.150349318981170654e-01
-5.431510806083679199e-01
1.418243050575256348e+00
1.785480141639709473e+00
9.949976205825805664e-02
8.941986560821533203e-01
-5.082157254219055176e-01
-2.546675503253936768e-01
-2.163257300853729248e-01
1.849620938301086426e+00
2.056130647659301758e+00
-6.758329272270202637e-01
-6.539838314056396484e-01
-6.720584630966186523e-01
-6.832233667373657227e-01
-5.177828669548034668e-01
-7.216359376907348633e-01
1.970253705978393555e+00
5.377895236015319824e-01
6.137021183967590332e-01
-3.211011290550231934e-01
4.452376067638397217e-01
8.652969598770141602e-01
2.127415657043457031e+00
1.617897987365722656e+00
-7.411526441574096680e-01
2.151876211166381836e+00
9.072484970092773438e-01
1.520772933959960938e+00
1.952353835105895996e+00
1.818375706672668457e+00
1.052640438079833984e+00
-7.443651556968688965e-01
1.116492629051208496e+00
-7.596352696418762207e-01
1.324238657951354980e+00
1.233995795249938965e+00
1.994737505912780762e+00
1.096431016921997070e+00
1.851317763328552246e+00
-6.709540486335754395e-01
1.470440387725830078e+00
-2.490688115358352661e-01
1.831974267959594727e+00
1.684383869171142578e+00
8.129704594612121582e-01
-6.183670163154602051e-01
1.005135655403137207e+00
1.308967769145965576e-01
4.330228865146636963e-01
2.109037399291992188e+00
1.865612149238586426e+00
6.310343146324157715e-01
1.534579515457153320e+00
1.487314343452453613e+00
1.578408002853393555e+00
-7.342729717493057251e-02
5.751146674156188965e-01
1.684323668479919434e+00
1.491285204887390137e+00
9.899468421936035156e-01
1.857940316200256348e+00
1.629055857658386230e+00
1.359119772911071777e+00
6.655852198600769043e-01
9.908162951469421387e-01
2.138965845108032227e+00
1.879346847534179688e+00
1.508230090141296387e+00
1.239214777946472168e+00
1.874261140823364258e+00
1.353083729743957520e+00
1.171795248985290527e+00
-7.654485106468200684e-01
1.844579219818115234e+00
2.063754558563232422e+00
5.181600525975227356e-02
8.921289443969726562e-02
1.398802042007446289e+00
6.466253399848937988e-01
1.381317496299743652e+00
1.891267538070678711e+00
1.168306946754455566e+00
1.682984232902526855e+00
1.110217690467834473e+00
1.282400727272033691e+00
1.420766830444335938e+00
2.064115047454833984e+00
1.844594240188598633e+00
6.045762300491333008e-01
-5.302503108978271484e-01
2.245248854160308838e-01
-3.987520933151245117e-02
1.406018733978271484e+00
1.519185781478881836e+00
1.235250234603881836e+00
-7.469152808189392090e-01
-6.463330984115600586e-01
-4.763005673885345459e-01
1.622211694717407227e+00
-4.044981598854064941e-01
1.222723960876464844e+00
1.535556674003601074e+00
1.506772637367248535e+00
-6.623386144638061523e-01
2.300791025161743164e+00
8.773883581161499023e-01
1.523558378219604492e+00
1.190119266510009766e+00
9.960324168205261230e-01
9.682743549346923828e-01
7.505565881729125977e-03
2.099701404571533203e+00
-4.540039002895355225e-01
6.452760696411132812e-01
-4.368967115879058838e-01
1.742463231086730957e+00
-6.320288777351379395e-01
-5.652757883071899414e-01
2.099666833877563477e+00
-6.833649277687072754e-01
2.147284984588623047e+00
-5.791233181953430176e-01
-6.494038105010986328e-01
8.946312069892883301e-01
1.568356513977050781e+00
-6.188844442367553711e-01
1.793624997138977051e+00
1.822972536087036133e+00
2.055334329605102539e+00
1.915780186653137207e+00
9.772130250930786133e-01
1.768776893615722656e+00
2.387397050857543945e+00
2.185356616973876953e+00
1.903544425964355469e+00
1.984267830848693848e+00
1.983581297099590302e-02
1.462028264999389648e+00
-3.185164034366607666e-01
1.825040340423583984e+00
1.538530468940734863e+00
8.498899936676025391e-01
9.821890592575073242e-01
5.137556195259094238e-01
1.789893627166748047e+00
2.167633920907974243e-01
1.424733042716979980e+00
1.882306337356567383e+00
1.392348706722259521e-01
2.221047133207321167e-01
1.457959413528442383e+00
-1.790752857923507690e-01
1.569537639617919922e+00
5.134115815162658691e-01
-1.671401858329772949e-01
-7.239065170288085938e-01
1.473340272903442383e+00
-5.125312805175781250e-01
1.204920172691345215e+00
7.810063362121582031e-01
-6.459398269653320312e-01
1.901238799095153809e+00
1.413052082061767578e+00
-7.899091243743896484e-01
1.135436296463012695e+00
1.398301482200622559e+00
9.751797318458557129e-01
-7.452925443649291992e-01
1.856825113296508789e+00
1.408789396286010742e+00
1.238015532493591309e+00
5.938332080841064453e-01
1.040436387062072754e+00
-6.937460899353027344e-01
-7.106119394302368164e-01
3.366642594337463379e-01
-6.508623957633972168e-01
-7.973788380622863770e-01
-2.371124923229217529e-01
1.810460925102233887e+00
1.833185076713562012e+00
1.102302551269531250e+00
1.642935633659362793e+00
1.725809574127197266e+00
1.917199850082397461e+00
2.556444406509399414e+00
7.918952703475952148e-01
2.025868892669677734e+00
-5.802705883979797363e-01
1.580076217651367188e-01
1.355376005172729492e+00
1.172960162162780762e+00
-7.699557542800903320e-01
2.117827653884887695e+00
3.577611446380615234e-01
3.690920472145080566e-01
1.419294476509094238e+00
-3.212880194187164307e-01
1.122584819793701172e+00
1.798811554908752441e+00
-4.413484930992126465e-01
2.248957395553588867e+00
1.360011339187622070e+00
1.324546337127685547e+00
1.956612110137939453e+00
1.947200417518615723e+00
1.261114031076431274e-01
1.425245404243469238e+00
1.748492002487182617e+00
7.661514878273010254e-01
7.041311860084533691e-01
-7.031793594360351562e-01
9.808631539344787598e-01
1.929643630981445312e+00
1.701009392738342285e+00
-2.618269622325897217e-01
1.433803081512451172e+00
1.923022866249084473e+00
6.413488984107971191e-01
-1.342474669218063354e-01
1.911915421485900879e+00
1.964010596275329590e+00
1.615116715431213379e+00
1.005689263343811035e+00
1.722390174865722656e+00
2.681810855865478516e-01
4.513227045536041260e-01
1.221064925193786621e+00
8.308474421501159668e-01
6.223343014717102051e-01
-2.968578934669494629e-01
-4.732256233692169189e-01
1.705747604370117188e+00
8.423058390617370605e-01
1.825355052947998047e+00
1.944797277450561523e+00
8.714055418968200684e-01
5.380129814147949219e-01
4.837864339351654053e-01
2.010816335678100586e+00
5.569742321968078613e-01
5.946283340454101562e-01
9.172277450561523438e-01
1.584344506263732910e+00
1.866037130355834961e+00
4.312877655029296875e-01
1.592913508415222168e+00
1.655448436737060547e+00
5.551807284355163574e-01
1.608577609062194824e+00
2.762687951326370239e-02
1.678244113922119141e+00
3.969971239566802979e-01
-7.133616805076599121e-01
1.601893067359924316e+00
-4.144423305988311768e-01
1.888000965118408203e+00
-5.186890363693237305e-01
1.106972217559814453e+00
1.376730203628540039e+00
7.753443121910095215e-01
-5.365421772003173828e-01
1.649558782577514648e+00
1.855128288269042969e+00
1.938116908073425293e+00
1.688366174697875977e+00
1.873670697212219238e+00
-3.559684157371520996e-01
2.069324731826782227e+00
1.901222586631774902e+00
1.970591425895690918e+00
1.968667984008789062e+00
2.158155918121337891e+00
1.556025743484497070e+00
1.912990331649780273e+00
1.979740977287292480e+00
1.934764385223388672e+00
1.690663099288940430e+00
9.250873327255249023e-01
1.680886745452880859e+00
1.000685095787048340e+00
1.726445555686950684e+00
1.895190358161926270e+00
3.289128303527832031e+00
1.863180398941040039e+00
8.454750776290893555e-01
1.670800089836120605e+00
8.686860203742980957e-01
1.972956299781799316e+00
1.563076138496398926e+00
9.566992521286010742e-01
1.990576744079589844e+00
1.509317278861999512e+00
1.861963629722595215e+00
-4.646228849887847900e-01
-5.319306254386901855e-01
4.233254790306091309e-01
1.374332666397094727e+00
-7.397187352180480957e-01
1.824447035789489746e+00
1.684873461723327637e+00
-3.419403135776519775e-01
1.888105273246765137e+00
7.385935783386230469e-01
-6.633942127227783203e-01
1.848549365997314453e+00
1.643737554550170898e+00
1.787913203239440918e+00
6.519619226455688477e-01
2.025842905044555664e+00
-7.390304803848266602e-01
3.350623548030853271e-01
-7.506223320960998535e-01
1.576295733451843262e+00
1.502148747444152832e+00
1.967230796813964844e+00
1.193914771080017090e+00
-1.976874172687530518e-01
1.899003505706787109e+00
-3.123338818550109863e-01
4.579056799411773682e-01
1.519722104072570801e+00
1.354748845100402832e+00
1.303140401840209961e+00
2.191720724105834961e+00
7.203596830368041992e-01
1.743561983108520508e+00
1.084389090538024902e+00
-6.881626248359680176e-01
7.424598336219787598e-01
1.791140317916870117e+00
1.819369912147521973e+00
1.929816484451293945e+00
1.506544232368469238e+00
1.673380732536315918e+00
-1.119889318943023682e-01
2.016642808914184570e+00
1.600576162338256836e+00
1.648699522018432617e+00
-5.458006262779235840e-01
1.764670372009277344e+00
4.902839362621307373e-01
-5.119906067848205566e-01
1.470242857933044434e+00
1.277135968208312988e+00
-7.393864989280700684e-01
2.077181577682495117e+00
-7.110766172409057617e-01
1.659159302711486816e+00
1.624260187149047852e+00
1.524080753326416016e+00
1.926609635353088379e+00
1.328845143318176270e+00
2.140275239944458008e+00
5.163012146949768066e-01
1.321119666099548340e+00
-7.284848690032958984e-01
1.063662290573120117e+00
1.537034392356872559e+00
8.652614802122116089e-02
1.299435019493103027e+00
1.676795363426208496e+00
9.924938082695007324e-01
2.081404447555541992e+00
1.887372136116027832e+00
1.700126767158508301e+00
1.552012324333190918e+00
1.912651062011718750e+00
1.240653753280639648e+00
1.804408192634582520e+00
1.092383742332458496e+00
1.736078143119812012e+00
2.039595127105712891e+00
1.300766825675964355e+00
1.766487002372741699e+00
1.880083322525024414e+00
2.143025636672973633e+00
2.383384466171264648e+00
1.861018419265747070e+00
1.591136932373046875e+00
1.493887305259704590e+00
1.951216101646423340e+00
2.024118900299072266e+00
1.985851407051086426e+00
1.766397714614868164e+00
1.474493384361267090e+00
1.781089752912521362e-01
4.481627643108367920e-01
6.803315132856369019e-02
1.666513085365295410e+00
1.571809887886047363e+00
-6.592138409614562988e-01
1.146262168884277344e+00
-1.117977946996688843e-01
2.071072101593017578e+00
1.645613670349121094e+00
1.187095046043395996e+00
1.022393584251403809e+00
1.592740058898925781e+00
1.434861421585083008e+00
2.010988235473632812e+00
1.434177279472351074e+00
1.756751418113708496e+00
1.370993971824645996e+00
1.974524974822998047e+00
-7.946161031723022461e-01
1.701215505599975586e+00
-5.372589230537414551e-01
3.322117328643798828e-01
-6.720784306526184082e-01
-7.065735459327697754e-01
2.303147792816162109e+00
9.432570338249206543e-01
1.595240592956542969e+00
1.048651933670043945e+00
1.922618269920349121e+00
1.979124069213867188e+00
7.512215971946716309e-01
1.158908963203430176e+00
1.713520526885986328e+00
1.758258104324340820e+00
1.463172435760498047e+00
1.717348217964172363e+00
1.908611416816711426e+00
2.028100490570068359e+00
1.339029908180236816e+00
1.581085205078125000e+00
2.203875064849853516e+00
2.003046035766601562e+00
1.738619685173034668e+00
8.085715174674987793e-01
1.633892655372619629e+00
1.873414993286132812e+00
2.006722688674926758e+00
1.722183465957641602e+00
2.065518379211425781e+00
1.276218652725219727e+00
9.789544343948364258e-01
2.199385762214660645e-01
-9.633336961269378662e-02
1.925965070724487305e+00
1.839413046836853027e+00
1.842473387718200684e+00
1.684976577758789062e+00
5.488283634185791016e-01
1.717599034309387207e+00
-2.610385119915008545e-01
1.756805658340454102e+00
-2.004720419645309448e-01
-6.866561174392700195e-01
1.992339015007019043e+00
-4.461916089057922363e-01
1.447856783866882324e+00
2.198460340499877930e+00
1.999045968055725098e+00
1.484031200408935547e+00
1.719350218772888184e+00
1.949183344841003418e+00
8.926700949668884277e-01
1.576212882995605469e+00
1.963943362236022949e+00
1.584247231483459473e+00
1.570793509483337402e+00
1.701331138610839844e+00
1.441166520118713379e+00
2.065713554620742798e-01
1.587628722190856934e+00
2.030056238174438477e+00
6.589567065238952637e-01
1.804606080055236816e+00
1.174169540405273438e+00
1.860749602317810059e+00
1.779664397239685059e+00
-7.272904515266418457e-01
1.508333086967468262e-01
-4.197852313518524170e-01
1.608245372772216797e+00
2.227249622344970703e+00
3.740279674530029297e-01
1.339380860328674316e+00
1.217793822288513184e+00
-7.655346393585205078e-01
1.873522639274597168e+00
-7.616710662841796875e-01
1.116765260696411133e+00
-3.160224556922912598e-01
6.787902116775512695e-01
2.115997314453125000e+00
1.771109938621520996e+00
1.964823842048645020e+00
-4.198238849639892578e-01
2.353641033172607422e+00
8.618827462196350098e-01
-1.320790499448776245e-01
1.837540149688720703e+00
2.038493633270263672e+00
1.260997653007507324e+00
5.648110508918762207e-01
-2.673163414001464844e-01
1.466952323913574219e+00
1.529563665390014648e+00
1.611283183097839355e+00
1.977367401123046875e+00
1.577436327934265137e+00
8.759979605674743652e-01
1.642085433006286621e+00
1.218272328376770020e+00
2.025829076766967773e+00
2.573903083801269531e+00
-5.873582959175109863e-01
1.873806953430175781e+00
4.018847644329071045e-01
1.737970113754272461e+00
1.244199395179748535e+00
1.080780267715454102e+00
1.910773992538452148e+00
1.910381913185119629e+00
6.869183182716369629e-01
3.427450954914093018e-01
1.788526535034179688e+00
4.388837218284606934e-01
1.777157783508300781e+00
1.162667870521545410e+00
1.960417151451110840e+00
2.018378734588623047e+00
3.157591223716735840e-01
1.760709643363952637e+00
1.465667128562927246e+00
1.770058035850524902e+00
1.798657655715942383e+00
1.688963890075683594e+00
1.525882363319396973e+00
1.169163584709167480e+00
6.057193279266357422e-01
7.603837251663208008e-01
-5.777050852775573730e-01
-3.029907643795013428e-01
-3.298639357089996338e-01
1.190630435943603516e+00
1.160905957221984863e+00
-3.445561528205871582e-01
1.835825085639953613e+00
1.758300423622131348e+00
1.345360517501831055e+00
2.084378719329833984e+00
-7.480756044387817383e-01
1.452491402626037598e+00
-7.165257334709167480e-01
1.417462229728698730e+00
1.436392545700073242e+00
1.876754403114318848e+00
1.915520310401916504e+00
1.316854596138000488e+00
2.080691099166870117e+00
2.122766971588134766e+00
-7.112691998481750488e-01
1.483881831169128418e+00
9.893692731857299805e-01
-6.161126494407653809e-01
2.082087993621826172e+00
-3.922864794731140137e-01
1.912356734275817871e+00
-6.075230836868286133e-01
1.223720431327819824e+00
-2.802690565586090088e-01
7.490730285644531250e-01
2.084503650665283203e+00
8.705989122390747070e-01
1.234180927276611328e+00
1.902518868446350098e+00
4.495491385459899902e-01
6.402197480201721191e-01
1.470389246940612793e+00
4.264385700225830078e-01
2.026290655136108398e+00
1.836358547210693359e+00
1.894046306610107422e+00
1.968063473701477051e+00
1.214291334152221680e+00
1.318953752517700195e+00
1.184244513511657715e+00
7.997235655784606934e-01
1.932421684265136719e+00
1.995000004768371582e+00
1.758347272872924805e+00
1.896511554718017578e+00
-3.572296202182769775e-01
1.394771814346313477e+00
1.744020104408264160e+00
-7.554517388343811035e-01
3.318894505500793457e-01
1.798871278762817383e+00
2.695126533508300781e+00
1.403800368309020996e+00
1.095493435859680176e+00
2.135600090026855469e+00
1.901319980621337891e+00
1.656517267227172852e+00
6.167498826980590820e-01
-4.861573576927185059e-01
1.469966173171997070e-01
5.762725472450256348e-01
1.806686282157897949e+00
2.073102951049804688e+00
1.835918188095092773e+00
8.846814036369323730e-01
3.687094748020172119e-01
-7.962651252746582031e-01
1.135782957077026367e+00
1.295060992240905762e+00
-5.687659978866577148e-01
1.138077855110168457e+00
1.738714575767517090e-01
7.936080098152160645e-01
1.630081772804260254e+00
4.444909095764160156e-01
-4.663952887058258057e-01
1.385540008544921875e+00
-7.358087301254272461e-01
1.659133434295654297e+00
1.819072484970092773e+00
1.412077695131301880e-01
-7.050809264183044434e-01
1.676240801811218262e+00
1.838144779205322266e+00
8.280745744705200195e-01
8.932617306709289551e-01
-2.574231624603271484e-01
1.666440248489379883e+00
1.469810247421264648e+00
-4.023510515689849854e-01
3.186421990394592285e-01
3.859486579895019531e-01
1.809662818908691406e+00
9.037684798240661621e-01
2.145478248596191406e+00
-3.084239661693572998e-01
1.423522353172302246e+00
1.446436047554016113e+00
1.158113956451416016e+00
1.644493222236633301e+00
-3.914797008037567139e-01
1.663086056709289551e+00
1.840011835098266602e+00
1.175931334495544434e+00
-7.192829847335815430e-01
1.260327696800231934e+00
7.415397167205810547e-01
1.800854682922363281e+00
1.779117345809936523e+00
1.415820717811584473e+00
8.348993957042694092e-02
1.866432309150695801e+00
1.602310061454772949e+00
3.188739538192749023e+00
1.709841251373291016e+00
1.311369061470031738e+00
-5.027009844779968262e-01
5.954652428627014160e-01
1.772727489471435547e+00
-7.753551602363586426e-01
1.916811823844909668e+00
1.867386817932128906e+00
1.067887544631958008e+00
1.123111367225646973e+00
-7.236241102218627930e-01
1.489834785461425781e+00
1.919977545738220215e+00
1.906192302703857422e+00
1.587471961975097656e+00
1.013670921325683594e+00
1.286543846130371094e+00
1.384696602821350098e+00
1.284187316894531250e+00
1.566713094711303711e+00
1.256681680679321289e+00
8.766214251518249512e-01
1.376827836036682129e+00
1.152282118797302246e+00
1.534781694412231445e+00
1.340389728546142578e+00
1.309109210968017578e+00
1.765282392501831055e+00
1.859351396560668945e+00
1.890551805496215820e+00
1.931437134742736816e+00
-4.993160367012023926e-01
-5.926973819732666016e-01
1.815328240394592285e+00
1.047883391380310059e+00
2.368353843688964844e+00
1.434318661689758301e+00
1.875407814979553223e+00
2.034256935119628906e+00
1.698789000511169434e+00
1.234579086303710938e+00
3.929586708545684814e-01
8.721239566802978516e-01
1.624172568321228027e+00
-7.779812216758728027e-01
-6.054483652114868164e-01
3.969952762126922607e-01
1.909213900566101074e+00
1.586728692054748535e+00
-3.816412985324859619e-01
1.810200452804565430e+00
5.251713991165161133e-01
1.354298591613769531e+00
2.079387187957763672e+00
1.599177837371826172e+00
2.229770183563232422e+00
8.723518848419189453e-01
4.822146594524383545e-01
1.885428547859191895e+00
1.435724496841430664e+00
5.472733974456787109e-01
1.329473257064819336e+00
1.923527598381042480e+00
1.563237190246582031e+00
1.563057899475097656e+00
-8.029034733772277832e-01
1.865396142005920410e+00
9.005770087242126465e-01
2.281192541122436523e+00
-3.357109725475311279e-01
1.895046710968017578e+00
-8.042418360710144043e-01
1.705856323242187500e+00
-7.745720148086547852e-01
-6.452142596244812012e-01
7.481420636177062988e-01
1.603526592254638672e+00
2.118071019649505615e-01
1.856641054153442383e+00
1.897082567214965820e+00
1.738284587860107422e+00
6.559998393058776855e-01
1.819839715957641602e+00
1.769798517227172852e+00
3.012257516384124756e-01
-6.409528851509094238e-01
1.965541362762451172e+00
-3.066604733467102051e-01
1.977358579635620117e+00
1.504864811897277832e+00
-6.505946516990661621e-01
1.751479864120483398e+00
-4.875163435935974121e-01
-2.205617427825927734e-01
1.682584404945373535e+00
-6.627690196037292480e-01
1.188504934310913086e+00
1.691792964935302734e+00
1.829515844583511353e-01
1.494272589683532715e+00
-5.202815532684326172e-01
2.891976237297058105e-01
9.311529397964477539e-01
-1.308556795120239258e-01
1.701553225517272949e+00
-7.287677526473999023e-01
1.969855070114135742e+00
-6.191790699958801270e-01
-5.699488520622253418e-01
1.037181258201599121e+00
1.745704174041748047e+00
-1.621652543544769287e-01
1.437966227531433105e+00
1.942180633544921875e+00
-2.702620029449462891e-01
1.621219396591186523e+00
-4.351733326911926270e-01
8.519701361656188965e-01
1.358361124992370605e+00
1.030145525932312012e+00
1.896703243255615234e+00
1.414407610893249512e+00
1.788678288459777832e+00
1.342906832695007324e+00
8.543866276741027832e-01
1.911267876625061035e+00
6.757324934005737305e-01
7.324301004409790039e-01
1.078563094139099121e+00
1.839206814765930176e+00
1.590256571769714355e+00
1.383399724960327148e+00
2.083733320236206055e+00
5.064603686332702637e-01
3.285799548029899597e-02
-5.161938071250915527e-01
1.319537878036499023e+00
1.572875738143920898e+00
5.241810679435729980e-01
-6.300742626190185547e-01
6.200771927833557129e-01
2.343139171600341797e+00
1.033617019653320312e+00
1.964058756828308105e+00
1.164063930511474609e+00
-1.809621453285217285e-01
4.794222712516784668e-01
1.011719465255737305e+00
-7.099489569664001465e-01
1.755970597267150879e+00
7.051525712013244629e-01
9.624413847923278809e-01
-3.422236442565917969e-01
4.317066967487335205e-01
1.924368858337402344e+00
-7.321887016296386719e-01
1.993089556694030762e+00
-2.691946625709533691e-01
1.702457189559936523e+00
1.838043451309204102e+00
8.185778260231018066e-01
1.781239748001098633e+00
1.920481324195861816e+00
5.212023258209228516e-01
7.922894358634948730e-01
3.957921564579010010e-01
1.824557304382324219e+00
1.843652248382568359e+00
3.029580712318420410e-01
8.350565433502197266e-01
2.142138957977294922e+00
1.222077131271362305e+00
1.398874640464782715e+00
1.968659400939941406e+00
9.848158955574035645e-01
1.667160749435424805e+00
1.601677894592285156e+00
1.838144421577453613e+00
1.292245745658874512e+00
9.481959342956542969e-01
1.696896553039550781e-01
1.144409537315368652e+00
-4.167278483510017395e-02
-4.557899534702301025e-01
5.808140039443969727e-01
1.858076691627502441e+00
1.337306499481201172e+00
1.721667647361755371e+00
-7.189878821372985840e-01
1.930245280265808105e+00
-1.567092537879943848e-01
1.962073922157287598e+00
1.553041815757751465e+00
1.930214405059814453e+00
1.964843988418579102e+00
1.673232197761535645e+00
1.685977339744567871e+00
1.924536108970642090e+00
-1.990651041269302368e-01
1.681857705116271973e+00
1.887324094772338867e+00
1.931997895240783691e+00
7.636159062385559082e-01
1.760909318923950195e+00
1.514019012451171875e+00
1.274359107017517090e+00
8.554109930992126465e-01
1.453041911125183105e+00
8.172079920768737793e-01
1.355541825294494629e+00
2.167887449264526367e+00
1.848340630531311035e+00
1.073526024818420410e+00
1.294364809989929199e+00
8.410071134567260742e-01
1.381652235984802246e+00
9.565799832344055176e-01
1.811565518379211426e+00
9.414277672767639160e-01
-1.854033917188644409e-01
1.841479182243347168e+00
1.136532783508300781e+00
-4.188005626201629639e-01
1.637888193130493164e+00
-3.352451324462890625e-01
2.069596052169799805e+00
8.148934245109558105e-01
1.136991977691650391e+00
2.421463251113891602e+00
1.979155421257019043e+00
-6.164176464080810547e-01
1.904526591300964355e+00
2.003292798995971680e+00
-7.899134159088134766e-01
-7.597907781600952148e-01
1.119965791702270508e+00
1.027366161346435547e+00
1.721614003181457520e+00
-3.444467857480049133e-02
2.265994250774383545e-01
1.729236483573913574e+00
1.613609313964843750e+00
-7.566290497779846191e-01
1.643360495567321777e+00
1.694618344306945801e+00
1.651833176612854004e+00
-3.570713475346565247e-02
1.200374007225036621e+00
1.784287542104721069e-01
1.284080386161804199e+00
4.896921291947364807e-02
1.946458816528320312e+00
1.670787453651428223e+00
1.092560172080993652e+00
-6.584606170654296875e-01
-3.975560665130615234e-01
1.026675820350646973e+00
2.186820268630981445e+00
1.446565151214599609e+00
1.988938450813293457e+00
-6.997513175010681152e-01
1.215480446815490723e+00
1.722999572753906250e+00
1.056128621101379395e+00
2.614257574081420898e+00
1.067132592201232910e+00
5.599500611424446106e-02
1.686298131942749023e+00
1.153828859329223633e+00
-3.327132761478424072e-01
9.960094094276428223e-01
-1.538610905408859253e-01
1.874719500541687012e+00
8.688326179981231689e-02
1.410212397575378418e+00
-7.834073305130004883e-01
2.012418031692504883e+00
-7.091376185417175293e-01
1.568615436553955078e+00
1.268961787223815918e+00
1.150751590728759766e+00
1.775509834289550781e+00
1.962932109832763672e+00
1.025282621383666992e+00
-2.350111454725265503e-01
3.738762438297271729e-01
1.816989421844482422e+00
-6.896872818470001221e-02
1.740805983543395996e+00
1.884187459945678711e+00
1.067214250564575195e+00
3.609006106853485107e-01
1.719899177551269531e+00
2.129007577896118164e+00
2.018768548965454102e+00
-6.185514926910400391e-01
-7.484286427497863770e-01
1.816845655441284180e+00
4.070318341255187988e-01
1.195445656776428223e+00
-7.283189296722412109e-01
-1.150597333908081055e-01
-7.420049309730529785e-01
1.955736637115478516e+00
1.902900934219360352e+00
1.854785203933715820e+00
1.789754033088684082e+00
4.900445342063903809e-01
1.986807823181152344e+00
1.552116870880126953e+00
1.758504271507263184e+00
8.745970726013183594e-01
1.838209629058837891e+00
6.105526909232139587e-02
2.362073898315429688e+00
1.864874482154846191e+00
-5.152212381362915039e-01
2.019126415252685547e+00
1.065124869346618652e+00
6.133893132209777832e-01
1.629499435424804688e+00
1.146350622177124023e+00
2.532443702220916748e-01
2.190550565719604492e+00
-7.270098924636840820e-01
-4.622225761413574219e-01
1.712521791458129883e+00
1.292530536651611328e+00
-7.940887808799743652e-01
1.778215765953063965e+00
1.873207211494445801e+00
6.760123372077941895e-01
1.898109078407287598e+00
1.933282971382141113e+00
-5.496203899383544922e-03
5.947030186653137207e-01
1.788527846336364746e+00
1.022290110588073730e+00
2.150657773017883301e-01
1.805831432342529297e+00
1.840114712715148926e+00
1.165593147277832031e+00
1.829346567392349243e-01
1.093052387237548828e+00
9.904848337173461914e-01
-7.020666003227233887e-01
1.860943317413330078e+00
2.345968246459960938e+00
8.485642075538635254e-01
1.060293316841125488e+00
-6.913202404975891113e-01
1.546142816543579102e+00
1.254186272621154785e+00
-1.773740649223327637e-01
1.830985546112060547e+00
1.337634682655334473e+00
1.317126989364624023e+00
9.313419461250305176e-01
7.667867541313171387e-01
1.836892008781433105e+00
5.119509696960449219e-01
-6.445659399032592773e-01
2.093482017517089844e+00
1.888274431228637695e+00
-7.940329909324645996e-01
-3.892166316509246826e-01
2.194641828536987305e+00
1.008759140968322754e+00
1.871718287467956543e+00
1.524662733078002930e+00
-5.944757461547851562e-01
1.620128870010375977e+00
3.330612778663635254e-01
1.592535853385925293e+00
1.477308630943298340e+00
1.754379987716674805e+00
1.396226525306701660e+00
1.697526454925537109e+00
1.553335070610046387e+00
1.552705645561218262e+00
1.143832683563232422e+00
1.301614642143249512e+00
1.563182234764099121e+00
1.546560168266296387e+00
1.228778362274169922e+00
1.543791055679321289e+00
1.539813518524169922e+00
-5.306090116500854492e-01
1.806975007057189941e+00
9.299800992012023926e-01
1.994865536689758301e+00
-8.104446530342102051e-01
3.306991815567016602e+00
1.610978245735168457e+00
1.832085609436035156e+00
1.547169089317321777e+00
1.890226721763610840e+00
1.748509764671325684e+00
1.149686455726623535e+00
1.745970845222473145e+00
1.457324385643005371e+00
3.556658625602722168e-01
1.947800874710083008e+00
-3.692742884159088135e-01
-3.004296720027923584e-01
1.646732926368713379e+00
-6.740556359291076660e-01
1.748789787292480469e+00
-7.859669923782348633e-01
1.870010256767272949e+00
1.479096412658691406e+00
8.481166362762451172e-01
1.785100102424621582e+00
1.475916147232055664e+00
9.183272123336791992e-01
-6.040775775909423828e-01
-7.892140150070190430e-01
8.893657922744750977e-01
8.321805596351623535e-01
1.180082917213439941e+00
1.021515727043151855e+00
-6.581301689147949219e-01
1.303199172019958496e+00
1.919007897377014160e+00
-7.217922806739807129e-01
-3.455539643764495850e-01
1.785738468170166016e+00
2.400286197662353516e+00
2.211906433105468750e+00
-4.546959102153778076e-01
1.484800696372985840e+00
1.848811268806457520e+00
2.660805881023406982e-01
1.218820333480834961e+00
7.391843199729919434e-01
1.845605134963989258e+00
5.964966416358947754e-01
4.547675848007202148e-01
1.767366766929626465e+00
-6.091707348823547363e-01
1.435348391532897949e+00
3.238922655582427979e-01
2.013032197952270508e+00
1.758317232131958008e+00
1.024524211883544922e+00
1.069301128387451172e+00
2.325300693511962891e+00
1.921710133552551270e+00
1.367532253265380859e+00
1.477418780326843262e+00
1.747522115707397461e+00
1.289191842079162598e+00
1.571531891822814941e-01
1.394321918487548828e+00
1.888198256492614746e+00
2.140079736709594727e+00
1.096752643585205078e+00
1.004054546356201172e+00
1.698884487152099609e+00
4.953931570053100586e-01
5.034890174865722656e-01
1.772016525268554688e+00
2.405733346939086914e+00
1.019949913024902344e+00
9.077789187431335449e-01
4.028367400169372559e-01
1.702607512474060059e+00
1.857973337173461914e+00
8.963373899459838867e-01
1.630952954292297363e+00
1.610041499137878418e+00
1.923716306686401367e+00
-3.299326002597808838e-01
1.757372736930847168e+00
1.670473933219909668e+00
1.744151949882507324e+00
1.545433402061462402e+00
1.782146930694580078e+00
-6.227900385856628418e-01
1.859778285026550293e+00
1.642227172851562500e+00
1.732390761375427246e+00
1.328881382942199707e+00
4.507152140140533447e-01
1.706015616655349731e-01
1.483525753021240234e+00
3.271632492542266846e-01
-8.070220947265625000e-01
-6.746292710304260254e-01
5.837556123733520508e-01
-4.645457267761230469e-01
-7.787773609161376953e-01
1.416607618331909180e+00
-8.095376491546630859e-01
1.088760733604431152e+00
4.789939224720001221e-01
1.481404662132263184e+00
1.725790739059448242e+00
-6.802477836608886719e-01
-3.860607445240020752e-01
9.766016006469726562e-01
1.774958133697509766e+00
1.628852844238281250e+00
1.903967857360839844e+00
8.428183794021606445e-01
1.579036116600036621e+00
2.024475336074829102e+00
1.588775038719177246e+00
-6.958650350570678711e-01
1.825096726417541504e+00
-7.485940456390380859e-01
1.505745291709899902e+00
1.600531220436096191e+00
1.450968503952026367e+00
1.748838663101196289e+00
1.668028950691223145e+00
1.735631942749023438e+00
-7.717410922050476074e-01
1.934404492378234863e+00
1.857864141464233398e+00
1.240026235580444336e+00
1.710056900978088379e+00
2.022658348083496094e+00
1.284153103828430176e+00
1.974725127220153809e+00
1.583695530891418457e+00
2.040690660476684570e+00
2.125578165054321289e+00
-6.516444683074951172e-01
2.122385978698730469e+00
1.900583386421203613e+00
9.084079265594482422e-01
1.440840005874633789e+00
1.328883171081542969e+00
1.428786396980285645e+00
-1.741120666265487671e-01
1.204667568206787109e+00
1.346790313720703125e+00
9.700744152069091797e-01
2.251730680465698242e+00
1.611714720726013184e+00
1.827930450439453125e+00
1.804672241210937500e+00
1.441450357437133789e+00
6.259060502052307129e-01
1.591860294342041016e+00
-1.603174805641174316e-01
1.630227088928222656e+00
3.816314935684204102e-01
1.512274146080017090e+00
1.203370809555053711e+00
1.331166386604309082e+00
5.157096385955810547e-01
1.108666062355041504e+00
1.592635750770568848e+00
9.338126778602600098e-01
1.922787547111511230e+00
-2.430678755044937134e-01
1.271847844123840332e+00
-7.824598550796508789e-01
-7.606757879257202148e-01
1.412822723388671875e+00
1.635355591773986816e+00
1.580086112022399902e+00
5.192949250340461731e-02
1.867583274841308594e+00
6.530425548553466797e-01
-6.482557654380798340e-01
1.574391126632690430e+00
9.914788007736206055e-01
2.254444122314453125e+00
-8.113312721252441406e-01
1.823398590087890625e+00
1.710633873939514160e+00
1.150856137275695801e+00
1.672401905059814453e+00
8.622909337282180786e-02
1.712469816207885742e+00
1.445270419120788574e+00
-7.796905040740966797e-01
1.819968342781066895e+00
1.453687191009521484e+00
-7.687937617301940918e-01
1.422749876976013184e+00
-8.136869221925735474e-02
1.794419646263122559e+00
9.006282091140747070e-01
5.422796010971069336e-01
1.698875904083251953e+00
1.845426917076110840e+00
1.800175309181213379e+00
1.925275206565856934e+00
1.130129814147949219e+00
-4.852495789527893066e-01
9.007005095481872559e-01
-1.939569115638732910e-01
2.289505958557128906e+00
1.897122025489807129e+00
1.765049576759338379e+00
1.518879771232604980e+00
7.870311141014099121e-01
1.005653977394104004e+00
1.836524844169616699e+00
1.893425941467285156e+00
1.760807633399963379e+00
3.574432134628295898e-01
-1.060108542442321777e-01
-4.820121526718139648e-01
2.308185577392578125e+00
-6.592933535575866699e-01
1.920319676399230957e+00
5.439582467079162598e-01
2.166824817657470703e+00
1.574435234069824219e+00
1.608387112617492676e+00
2.323470115661621094e+00
1.031260132789611816e+00
7.334236055612564087e-02
1.232265979051589966e-01
1.727460026741027832e+00
1.265017628669738770e+00
1.692249894142150879e+00
2.216523408889770508e+00
1.775076508522033691e+00
1.815814137458801270e+00
1.701183795928955078e+00
1.672677159309387207e+00
2.339647054672241211e+00
2.878939807415008545e-01
1.037469387054443359e+00
-7.120422124862670898e-01
1.415620923042297363e+00
7.352223396301269531e-01
1.774521827697753906e+00
1.565601468086242676e+00
2.023522615432739258e+00
1.195688486099243164e+00
6.198115348815917969e-01
1.096854090690612793e+00
2.011000871658325195e+00
2.433890253305435181e-01
1.537115693092346191e+00
1.295380234718322754e+00
-8.159906864166259766e-01
-7.971021533012390137e-01
1.766397118568420410e+00
-6.131368279457092285e-01
1.544767737388610840e+00
3.883986473083496094e-01
5.695827603340148926e-01
4.162468016147613525e-01
1.681440353393554688e+00
1.475955694913864136e-01
8.686512112617492676e-01
1.752778887748718262e+00
1.730284929275512695e+00
1.892879128456115723e+00
1.142335653305053711e+00
-2.711895108222961426e-01
1.828652024269104004e+00
1.294931173324584961e+00
1.854369521141052246e+00
1.841416239738464355e+00
1.594468235969543457e+00
2.042845726013183594e+00
1.272847652435302734e+00
-4.295679032802581787e-01
8.013884425163269043e-01
2.077036857604980469e+00
8.604630827903747559e-01
1.457814455032348633e+00
1.597962975502014160e+00
1.973417639732360840e+00
1.203551769256591797e+00
-6.379534602165222168e-01
2.313545227050781250e+00
1.899785876274108887e+00
1.934203624725341797e+00
1.408151626586914062e+00
1.642366409301757812e+00
2.475632190704345703e+00
8.521111011505126953e-01
1.638802528381347656e+00
1.394725084304809570e+00
1.261758804321289062e+00
1.386487603187561035e+00
1.256505370140075684e+00
3.547646105289459229e-02
1.796674966812133789e+00
1.916731476783752441e+00
1.857381701469421387e+00
1.719751358032226562e+00
1.704640388488769531e+00
1.799650311470031738e+00
1.460126757621765137e+00
1.743003726005554199e+00
-4.544465243816375732e-01
4.790094122290611267e-02
1.720408558845520020e+00
5.378474593162536621e-01
2.261761426925659180e+00
1.872597455978393555e+00
-5.952067375183105469e-01
1.423048138618469238e+00
1.941332340240478516e+00
3.773232996463775635e-01
2.235481142997741699e-01
-4.723387360572814941e-01
1.998834729194641113e+00
1.446002423763275146e-01
1.634289622306823730e+00
1.094441771507263184e+00
-6.626724600791931152e-01
1.566398262977600098e+00
1.466829776763916016e+00
-5.748225450515747070e-01
-6.285583972930908203e-01
1.835908412933349609e+00
1.906667351722717285e+00
1.606237053871154785e+00
1.540677428245544434e+00
-6.984244585037231445e-01
1.453496694564819336e+00
-5.117540806531906128e-02
1.606668114662170410e+00
1.309095025062561035e+00
1.892386794090270996e+00
1.043521285057067871e+00
2.190814495086669922e+00
-6.630788445472717285e-01
-8.120900988578796387e-01
1.325745701789855957e+00
5.474370718002319336e-01
6.173266172409057617e-01
1.784860372543334961e+00
1.858496904373168945e+00
2.428890764713287354e-01
1.998045682907104492e+00
-7.645861506462097168e-01
1.584667682647705078e+00
1.762687444686889648e+00
1.051811575889587402e+00
1.050150990486145020e+00
-5.650935769081115723e-01
-8.312820792198181152e-01
-8.216208815574645996e-01
-5.357475485652685165e-03
1.547797799110412598e+00
1.770310521125793457e+00
-3.765284717082977295e-01
-1.214987933635711670e-01
1.099923729896545410e+00
1.833959341049194336e+00
1.557002663612365723e+00
1.883056998252868652e+00
6.531363129615783691e-01
1.431221604347229004e+00
7.852464914321899414e-01
-8.205130100250244141e-01
4.759402200579643250e-02
1.485102057456970215e+00
1.328072428703308105e+00
-4.637804329395294189e-01
1.137110114097595215e+00
7.740080356597900391e-01
1.723399281501770020e+00
1.718325376510620117e+00
1.768561363220214844e+00
1.946927547454833984e+00
-7.567489743232727051e-01
2.228248834609985352e+00
1.158051848411560059e+00
1.195731163024902344e+00
1.244971156120300293e+00
1.620717644691467285e+00
1.258612155914306641e+00
1.828260302543640137e+00
6.703506112098693848e-01
1.730893373489379883e+00
1.830174446105957031e+00
1.707120776176452637e+00
2.059198617935180664e+00
1.496531605720520020e+00
1.564515709877014160e+00
-7.995051145553588867e-01
1.371462821960449219e+00
1.677967071533203125e+00
-7.812707424163818359e-01
-7.405585646629333496e-01
1.609034180641174316e+00
2.308206796646118164e+00
1.492071628570556641e+00
1.417330026626586914e+00
1.734912276268005371e+00
-1.312037855386734009e-01
9.707942008972167969e-01
1.089738249778747559e+00
7.547530531883239746e-01
1.821010351181030273e+00
1.811486721038818359e+00
1.264917969703674316e+00
1.139799237251281738e+00
1.744790226221084595e-01
1.381529331207275391e+00
-4.487771391868591309e-01
1.399988532066345215e+00
1.306003689765930176e+00
-5.567772984504699707e-01
1.602167010307312012e+00
1.884769320487976074e+00
1.233546137809753418e+00
1.974016427993774414e+00
1.703699350357055664e+00
2.238260507583618164e+00
2.147755622863769531e+00
2.192331552505493164e+00
1.727998018264770508e+00
8.965746760368347168e-01
1.133724808692932129e+00
1.696472883224487305e+00
9.474560618400573730e-01
-8.212325572967529297e-01
2.181793689727783203e+00
1.533490538597106934e+00
1.072909712791442871e+00
-2.467980235815048218e-01
1.928288578987121582e+00
1.519650697708129883e+00
-2.508638203144073486e-01
1.481391906738281250e+00
1.539330720901489258e+00
1.126625776290893555e+00
1.231561660766601562e+00
1.897757053375244141e+00
1.985834002494812012e+00
1.524666428565979004e+00
-5.753087401390075684e-01
-6.120396256446838379e-01
6.203790903091430664e-01
4.295780658721923828e-01
-7.786510586738586426e-01
1.965120911598205566e+00
4.131255745887756348e-01
1.077748894691467285e+00
9.650725126266479492e-01
-9.890833497047424316e-02
1.668162941932678223e+00
1.229948282241821289e+00
1.380577206611633301e+00
-1.994546949863433838e-01
-6.912119388580322266e-01
1.368580102920532227e+00
1.497594237327575684e+00
6.045938134193420410e-01
-5.574805140495300293e-01
-2.527449727058410645e-01
1.045359253883361816e+00
-7.661089301109313965e-01
1.932976841926574707e+00
1.881288766860961914e+00
1.733463764190673828e+00
1.631725311279296875e+00
1.904708504676818848e+00
8.105061650276184082e-01
1.298318743705749512e+00
1.475280046463012695e+00
1.707215189933776855e+00
1.518318176269531250e+00
1.210554480552673340e+00
1.706157684326171875e+00
1.298077821731567383e+00
2.437581539154052734e+00
2.489896863698959351e-01
-7.520780563354492188e-01
8.196544647216796875e-01
1.479893088340759277e+00
2.056639432907104492e+00
9.805428385734558105e-01
1.866871356964111328e+00
2.429944574832916260e-01
4.456630349159240723e-01
1.765914678573608398e+00
2.040504932403564453e+00
1.802097082138061523e+00
1.757446050643920898e+00
1.952891230583190918e+00
1.973477959632873535e+00
1.520227789878845215e+00
1.499993205070495605e+00
1.437807440757751465e+00
1.098743557929992676e+00
1.847638130187988281e+00
1.021212220191955566e+00
1.554823040962219238e+00
2.039558649063110352e+00
2.097527980804443359e+00
1.973093271255493164e+00
1.547767758369445801e+00
6.413046717643737793e-01
1.664009094238281250e+00
3.193215429782867432e-01
-6.925719380378723145e-01
1.866490244865417480e+00
1.277265995740890503e-01
1.600060820579528809e+00
5.786283016204833984e-01
-5.885096192359924316e-01
2.345797300338745117e+00
1.868376493453979492e+00
1.525465726852416992e+00
1.878117203712463379e+00
-7.608391046524047852e-01
2.224529504776000977e+00
-6.521970629692077637e-01
1.960309147834777832e+00
2.627092123031616211e+00
1.508809924125671387e+00
9.015178680419921875e-02
-6.432279944419860840e-01
1.344134449958801270e+00
1.842438578605651855e+00
5.296952724456787109e-01
1.573750615119934082e+00
9.029479622840881348e-01
1.906493544578552246e+00
1.063802123069763184e+00
1.800367116928100586e+00
1.591106295585632324e+00
-6.364673972129821777e-01
-7.175067663192749023e-01
1.600833892822265625e+00
1.639668822288513184e+00
1.605077505111694336e+00
1.652790188789367676e+00
1.249242663383483887e+00
2.991655170917510986e-01
-9.455587714910507202e-02
2.013704299926757812e+00
1.673278570175170898e+00
1.554527878761291504e+00
1.736650943756103516e+00
7.707167267799377441e-01
3.929623067378997803e-01
1.422148704528808594e+00
1.723062038421630859e+00
1.116557478904724121e+00
1.723688721656799316e+00
1.730067491531372070e+00
1.096099495887756348e+00
-5.959832072257995605e-01
5.482427477836608887e-01
-6.417413353919982910e-01
-7.644571065902709961e-01
1.780775904655456543e+00
1.574036598205566406e+00
1.461676001548767090e+00
1.199594974517822266e+00
1.669217705726623535e+00
-4.308904409408569336e-01
1.008412837982177734e+00
2.185869216918945312e+00
2.130995988845825195e+00
-7.932135462760925293e-01
-8.340532779693603516e-01
-6.624757051467895508e-01
8.770906329154968262e-01
4.141131043434143066e-01
1.439022779464721680e+00
2.289358377456665039e+00
-7.468701004981994629e-01
-8.066550493240356445e-01
-2.339796274900436401e-01
2.274895906448364258e+00
1.606351494789123535e+00
1.918999195098876953e+00
8.571738600730895996e-01
2.301687002182006836e+00
1.763155937194824219e+00
1.435598850250244141e+00
1.735662460327148438e+00
1.915900349617004395e+00
2.009755373001098633e+00
1.431420087814331055e+00
1.450100183486938477e+00
1.645987868309020996e+00
-3.018332123756408691e-01
1.389864444732666016e+00
1.389790534973144531e+00
1.282196640968322754e+00
